SMET 1.1 ASCII
[HEADER]
station_id       = Z934
station_name     = Wendelstein:StudyPlot_MST
latitude         = 47.703601
longitude        = 12.024408
altitude         = 1580.0
nodata           = -999
tz               = 1
slope_angle      = 0
slope_azi        = 0
ProfileDate      = 2022-12-27T17:53:00.110
HS_Last          = 0.094073
nSoilLayerData   = 0
nSnowLayerData   = 6
SoilAlbedo       = 0.09
BareSoil_z0      = 0.200
CanopyHeight     = 0.00
CanopyLeafAreaIndex = 0.000000
CanopyDirectThroughfall = 1.00
WindScalingFactor = 1.00
ErosionLevel     = 5
TimeCountDeltaHS = 0.000000
fields           = timestamp Layer_Thick  T  Vol_Frac_I  Vol_Frac_W  Vol_Frac_V  Vol_Frac_S Rho_S Conduc_S HeatCapac_S  rg  rb  dd  sp  mk mass_hoar ne CDot metamo
[DATA]
2022-11-18T13:00:00     0.015647   273.150000     0.434861     0.039275     0.525864     0.000000       0.0     0.000          0.0    0.481824   0.238985   0.000000   1.000000     12      0.000000    1     -732.242268        0.000000
2022-11-18T16:30:00     0.015279   273.150000     0.429535     0.039501     0.530964     0.000000       0.0     0.000          0.0    0.485217   0.239230   0.000000   1.000000     12      0.000000    1     -717.616023        0.000000
2022-11-18T21:15:00     0.026003   273.150000     0.430837     0.031487     0.537676     0.000000       0.0     0.000          0.0    0.484246   0.243108   0.000000   1.000000     22      0.000000    1     -699.562664        0.000000
2022-11-18T22:30:00     0.010053   272.118928     0.411173     0.000000     0.588827     0.000000       0.0     0.000          0.0    0.539596   0.299729   0.000000   0.952688     21      0.000000    1     -682.221149        0.000000
2022-11-20T01:00:00     0.009377   271.507627     0.394582     0.000000     0.605418     0.000000       0.0     0.000          0.0    0.534506   0.296180   0.000000   0.972690     22      0.000000    1     -673.964414        0.000000
2022-11-23T03:00:00     0.017714   269.200819     0.296086     0.000000     0.703914     0.000000       0.0     0.000          0.0    0.484323   0.277115   0.000000   0.867862     22      0.000000    1     -659.364061        0.000000
