SMET 1.1 ASCII
[HEADER]
station_id       = Z934
station_name     = Wendelstein:StudyPlot_MST
latitude         = 47.703601
longitude        = 12.024408
altitude         = 1580.0
nodata           = -999
tz               = 1
slope_angle      = 0
slope_azi        = 0
ProfileDate      = 2022-12-27T17:02:00.600
HS_Last          = 0.092005
nSoilLayerData   = 0
nSnowLayerData   = 6
SoilAlbedo       = 0.09
BareSoil_z0      = 0.200
CanopyHeight     = 0.00
CanopyLeafAreaIndex = 0.000000
CanopyDirectThroughfall = 1.00
WindScalingFactor = 1.00
ErosionLevel     = 5
TimeCountDeltaHS = 0.000000
fields           = timestamp Layer_Thick  T  Vol_Frac_I  Vol_Frac_W  Vol_Frac_V  Vol_Frac_S Rho_S Conduc_S HeatCapac_S  rg  rb  dd  sp  mk mass_hoar ne CDot metamo
[DATA]
2022-11-18T13:00:00     0.015647   273.150000     0.434634     0.039288     0.526078     0.000000       0.0     0.000          0.0    0.481818   0.238980   0.000000   1.000000     12      0.000000    1     -732.068876        0.000000
2022-11-18T16:30:00     0.015279   273.150000     0.429334     0.039537     0.531128     0.000000       0.0     0.000          0.0    0.485248   0.239251   0.000000   1.000000     12      0.000000    1     -717.389520        0.000000
2022-11-18T21:15:00     0.025998   273.150000     0.424220     0.035757     0.540023     0.000000       0.0     0.000          0.0    0.484317   0.243165   0.000000   1.000000     22      0.000000    1     -699.289511        0.000000
2022-11-18T22:30:00     0.010046   273.150000     0.387047     0.018240     0.594712     0.000000       0.0     0.000          0.0    0.540203   0.299365   0.000000   1.000000     21      0.000000    1     -681.948351        0.000000
2022-11-20T01:00:00     0.009330   271.328616     0.394616     0.000000     0.605384     0.000000       0.0     0.000          0.0    0.535093   0.298407   0.000000   0.924463     22      0.000000    1     -673.699697        0.000000
2022-11-21T08:45:00     0.015706   269.323263     0.295257     0.000000     0.704743     0.000000       0.0     0.000          0.0    0.482687   0.269444   0.000000   0.936293     22      0.000000    1     -660.950192        0.000000
