SMET 1.1 ASCII
[HEADER]
station_id       = Z934
station_name     = Wendelstein:StudyPlot_MST
latitude         = 47.703601
longitude        = 12.024408
altitude         = 1580.0
nodata           = -999
tz               = 1
slope_angle      = 0
slope_azi        = 0
ProfileDate      = 2022-12-27T17:18:00.360
HS_Last          = 0.093062
nSoilLayerData   = 0
nSnowLayerData   = 6
SoilAlbedo       = 0.09
BareSoil_z0      = 0.200
CanopyHeight     = 0.00
CanopyLeafAreaIndex = 0.000000
CanopyDirectThroughfall = 1.00
WindScalingFactor = 1.00
ErosionLevel     = 5
TimeCountDeltaHS = 0.000000
fields           = timestamp Layer_Thick  T  Vol_Frac_I  Vol_Frac_W  Vol_Frac_V  Vol_Frac_S Rho_S Conduc_S HeatCapac_S  rg  rb  dd  sp  mk mass_hoar ne CDot metamo
[DATA]
2022-11-18T13:00:00     0.015647   273.150000     0.434801     0.039279     0.525919     0.000000       0.0     0.000          0.0    0.481816   0.238979   0.000000   1.000000     12      0.000000    1     -731.254484        0.000000
2022-11-18T16:30:00     0.015280   273.150000     0.430091     0.039494     0.530415     0.000000       0.0     0.000          0.0    0.485201   0.239217   0.000000   1.000000     12      0.000000    1     -716.593648        0.000000
2022-11-18T21:15:00     0.025997   273.150000     0.425558     0.035459     0.538984     0.000000       0.0     0.000          0.0    0.484448   0.243223   0.000000   1.000000     22      0.000000    1     -698.536445        0.000000
2022-11-18T22:30:00     0.010047   273.150000     0.393414     0.016257     0.590329     0.000000       0.0     0.000          0.0    0.539994   0.299686   0.000000   1.000000     21      0.000000    1     -681.202179        0.000000
2022-11-20T01:00:00     0.009368   271.388605     0.395265     0.000000     0.604735     0.000000       0.0     0.000          0.0    0.534626   0.297384   0.000000   0.922968     22      0.000000    1     -672.952198        0.000000
2022-11-21T08:45:00     0.016724   269.300140     0.306053     0.000000     0.693947     0.000000       0.0     0.000          0.0    0.481921   0.262876   0.000000   0.913852     22      0.000000    1     -660.185966        0.000000
