SMET 1.1 ASCII
[HEADER]
station_id       = Z934
station_name     = Wendelstein:StudyPlot_MST
latitude         = 47.703601
longitude        = 12.024408
altitude         = 1580.0
nodata           = -999
tz               = 1
slope_angle      = 0
slope_azi        = 0
ProfileDate      = 2022-12-27T17:55:00.110
HS_Last          = 0.093832
nSoilLayerData   = 0
nSnowLayerData   = 6
SoilAlbedo       = 0.09
BareSoil_z0      = 0.200
CanopyHeight     = 0.00
CanopyLeafAreaIndex = 0.000000
CanopyDirectThroughfall = 1.00
WindScalingFactor = 1.00
ErosionLevel     = 5
TimeCountDeltaHS = 0.000000
fields           = timestamp Layer_Thick  T  Vol_Frac_I  Vol_Frac_W  Vol_Frac_V  Vol_Frac_S Rho_S Conduc_S HeatCapac_S  rg  rb  dd  sp  mk mass_hoar ne CDot metamo
[DATA]
2022-11-18T13:00:00     0.015647   273.150000     0.434871     0.039274     0.525855     0.000000       0.0     0.000          0.0    0.481824   0.238985   0.000000   1.000000     12      0.000000    1     -732.346207        0.000000
2022-11-18T16:30:00     0.015279   273.150000     0.429589     0.039493     0.530918     0.000000       0.0     0.000          0.0    0.485217   0.239230   0.000000   1.000000     12      0.000000    1     -717.700705        0.000000
2022-11-18T21:15:00     0.026003   273.150000     0.431603     0.030735     0.537661     0.000000       0.0     0.000          0.0    0.484228   0.243098   0.000000   1.000000     22      0.000000    1     -699.629294        0.000000
2022-11-18T22:30:00     0.010052   272.041123     0.410796     0.000000     0.589204     0.000000       0.0     0.000          0.0    0.539655   0.299837   0.000000   0.948781     21      0.000000    1     -682.287772        0.000000
2022-11-20T01:00:00     0.009382   271.422433     0.394100     0.000000     0.605900     0.000000       0.0     0.000          0.0    0.534513   0.296107   0.000000   0.972365     22      0.000000    1     -674.031011        0.000000
2022-11-23T03:00:00     0.017468   269.175428     0.296510     0.000000     0.703490     0.000000       0.0     0.000          0.0    0.483482   0.275070   0.000000   0.867123     22      0.000000    1     -659.754197        0.000000
