SMET 1.1 ASCII
[HEADER]
station_id       = Z934
station_name     = Wendelstein:StudyPlot_MST
latitude         = 47.703601
longitude        = 12.024408
altitude         = 1580.0
nodata           = -999
tz               = 1
slope_angle      = 0
slope_azi        = 0
ProfileDate      = 2022-12-27T17:46:00.350
HS_Last          = 0.093851
nSoilLayerData   = 0
nSnowLayerData   = 6
SoilAlbedo       = 0.09
BareSoil_z0      = 0.200
CanopyHeight     = 0.00
CanopyLeafAreaIndex = 0.000000
CanopyDirectThroughfall = 1.00
WindScalingFactor = 1.00
ErosionLevel     = 5
TimeCountDeltaHS = 0.000000
fields           = timestamp Layer_Thick  T  Vol_Frac_I  Vol_Frac_W  Vol_Frac_V  Vol_Frac_S Rho_S Conduc_S HeatCapac_S  rg  rb  dd  sp  mk mass_hoar ne CDot metamo
[DATA]
2022-11-18T13:00:00     0.015647   273.150000     0.434841     0.039275     0.525884     0.000000       0.0     0.000          0.0    0.481822   0.238984   0.000000   1.000000     12      0.000000    1     -732.048264        0.000000
2022-11-18T16:30:00     0.015279   273.150000     0.428805     0.039526     0.531670     0.000000       0.0     0.000          0.0    0.485220   0.239235   0.000000   1.000000     12      0.000000    1     -717.420952        0.000000
2022-11-18T21:15:00     0.026000   273.150000     0.433156     0.029885     0.536959     0.000000       0.0     0.000          0.0    0.484199   0.243087   0.000000   1.000000     12      0.000000    1     -699.416156        0.000000
2022-11-18T22:30:00     0.010050   271.951516     0.412629     0.000000     0.587371     0.000000       0.0     0.000          0.0    0.539517   0.299869   0.000000   0.946135     21      0.000000    1     -682.082762        0.000000
2022-11-20T01:00:00     0.009381   271.311339     0.395814     0.000000     0.604186     0.000000       0.0     0.000          0.0    0.534144   0.295950   0.000000   0.972326     22      0.000000    1     -673.835900        0.000000
2022-11-23T03:00:00     0.017494   269.158839     0.314087     0.000000     0.685913     0.000000       0.0     0.000          0.0    0.486937   0.280959   0.000000   0.885316     22      0.000000    1     -660.210656        0.000000
