SMET 1.1 ASCII
[HEADER]
station_id       = Z934
station_name     = Wendelstein:StudyPlot_MST
latitude         = 47.703601
longitude        = 12.024408
altitude         = 1580.0
nodata           = -999
tz               = 1
slope_angle      = 0
slope_azi        = 0
ProfileDate      = 2022-12-27T17:32:00.350
HS_Last          = 0.093679
nSoilLayerData   = 0
nSnowLayerData   = 6
SoilAlbedo       = 0.09
BareSoil_z0      = 0.200
CanopyHeight     = 0.00
CanopyLeafAreaIndex = 0.000000
CanopyDirectThroughfall = 1.00
WindScalingFactor = 1.00
ErosionLevel     = 5
TimeCountDeltaHS = 0.000000
fields           = timestamp Layer_Thick  T  Vol_Frac_I  Vol_Frac_W  Vol_Frac_V  Vol_Frac_S Rho_S Conduc_S HeatCapac_S  rg  rb  dd  sp  mk mass_hoar ne CDot metamo
[DATA]
2022-11-18T13:00:00     0.015647   273.150000     0.434802     0.039279     0.525919     0.000000       0.0     0.000          0.0    0.481822   0.238983   0.000000   1.000000     12      0.000000    1     -731.864465        0.000000
2022-11-18T16:30:00     0.015278   273.150000     0.428788     0.039554     0.531658     0.000000       0.0     0.000          0.0    0.485273   0.239271   0.000000   1.000000     12      0.000000    1     -717.209470        0.000000
2022-11-18T21:15:00     0.025996   273.150000     0.428479     0.034196     0.537325     0.000000       0.0     0.000          0.0    0.484246   0.243084   0.000000   1.000000     12      0.000000    1     -699.193483        0.000000
2022-11-18T22:30:00     0.010049   273.150000     0.406504     0.005710     0.587787     0.000000       0.0     0.000          0.0    0.539791   0.299542   0.000000   1.000000     21      0.000000    1     -681.860023        0.000000
2022-11-20T01:00:00     0.009375   271.417187     0.395436     0.000000     0.604564     0.000000       0.0     0.000          0.0    0.534306   0.297095   0.000000   0.920630     22      0.000000    1     -673.612936        0.000000
2022-11-21T08:45:00     0.017333   269.291997     0.314601     0.000000     0.685399     0.000000       0.0     0.000          0.0    0.480080   0.257842   0.000000   0.898156     22      0.000000    1     -660.852141        0.000000
