SMET 1.1 ASCII
[HEADER]
station_id       = Z934
station_name     = Wendelstein:StudyPlot_MST
latitude         = 47.703601
longitude        = 12.024408
altitude         = 1580.0
nodata           = -999
tz               = 1
slope_angle      = 0
slope_azi        = 0
ProfileDate      = 2022-12-27T17:20:00.850
HS_Last          = 0.093184
nSoilLayerData   = 0
nSnowLayerData   = 6
SoilAlbedo       = 0.09
BareSoil_z0      = 0.200
CanopyHeight     = 0.00
CanopyLeafAreaIndex = 0.000000
CanopyDirectThroughfall = 1.00
WindScalingFactor = 1.00
ErosionLevel     = 5
TimeCountDeltaHS = 0.000000
fields           = timestamp Layer_Thick  T  Vol_Frac_I  Vol_Frac_W  Vol_Frac_V  Vol_Frac_S Rho_S Conduc_S HeatCapac_S  rg  rb  dd  sp  mk mass_hoar ne CDot metamo
[DATA]
2022-11-18T13:00:00     0.015647   273.150000     0.434812     0.039279     0.525909     0.000000       0.0     0.000          0.0    0.481816   0.238979   0.000000   1.000000     12      0.000000    1     -731.394025        0.000000
2022-11-18T16:30:00     0.015280   273.150000     0.430008     0.039495     0.530496     0.000000       0.0     0.000          0.0    0.485196   0.239215   0.000000   1.000000     12      0.000000    1     -716.737037        0.000000
2022-11-18T21:15:00     0.025995   273.150000     0.426319     0.035088     0.538593     0.000000       0.0     0.000          0.0    0.484403   0.243209   0.000000   1.000000     12      0.000000    1     -698.701921        0.000000
2022-11-18T22:30:00     0.010048   273.150000     0.397200     0.014031     0.588769     0.000000       0.0     0.000          0.0    0.539962   0.299664   0.000000   1.000000     21      0.000000    1     -681.367674        0.000000
2022-11-20T01:00:00     0.009371   271.393617     0.395168     0.000000     0.604832     0.000000       0.0     0.000          0.0    0.534472   0.297262   0.000000   0.922680     22      0.000000    1     -673.117758        0.000000
2022-11-21T08:45:00     0.016844   269.298812     0.308237     0.000000     0.691763     0.000000       0.0     0.000          0.0    0.481728   0.262105   0.000000   0.907754     22      0.000000    1     -660.351037        0.000000
