SMET 1.1 ASCII
[HEADER]
station_id       = Z934
station_name     = Wendelstein:StudyPlot_MST
latitude         = 47.703601
longitude        = 12.024408
altitude         = 1580.0
nodata           = -999
tz               = 1
slope_angle      = 0
slope_azi        = 0
ProfileDate      = 2022-12-27T17:14:00.610
HS_Last          = 0.093117
nSoilLayerData   = 0
nSnowLayerData   = 6
SoilAlbedo       = 0.09
BareSoil_z0      = 0.200
CanopyHeight     = 0.00
CanopyLeafAreaIndex = 0.000000
CanopyDirectThroughfall = 1.00
WindScalingFactor = 1.00
ErosionLevel     = 5
TimeCountDeltaHS = 0.000000
fields           = timestamp Layer_Thick  T  Vol_Frac_I  Vol_Frac_W  Vol_Frac_V  Vol_Frac_S Rho_S Conduc_S HeatCapac_S  rg  rb  dd  sp  mk mass_hoar ne CDot metamo
[DATA]
2022-11-18T13:00:00     0.015647   273.150000     0.434705     0.039284     0.526010     0.000000       0.0     0.000          0.0    0.481822   0.238983   0.000000   1.000000     12      0.000000    1     -732.038663        0.000000
2022-11-18T16:30:00     0.015278   273.150000     0.428283     0.039594     0.532123     0.000000       0.0     0.000          0.0    0.485345   0.239321   0.000000   1.000000     12      0.000000    1     -717.375896        0.000000
2022-11-18T21:15:00     0.025994   273.150000     0.425479     0.035720     0.538800     0.000000       0.0     0.000          0.0    0.484380   0.243202   0.000000   1.000000     12      0.000000    1     -699.311484        0.000000
2022-11-18T22:30:00     0.010009   273.150000     0.392817     0.017885     0.589298     0.000000       0.0     0.000          0.0    0.540053   0.299780   0.000000   1.000000     21      0.000000    1     -681.985877        0.000000
2022-11-20T01:00:00     0.009364   271.406291     0.397425     0.000000     0.602575     0.000000       0.0     0.000          0.0    0.534836   0.297984   0.000000   0.924711     22      0.000000    1     -673.748020        0.000000
2022-11-21T08:45:00     0.016826   269.289038     0.302687     0.000000     0.697313     0.000000       0.0     0.000          0.0    0.481290   0.261511   0.000000   0.917555     22      0.000000    1     -660.970907        0.000000
