SMET 1.1 ASCII
[HEADER]
station_id       = Z934
station_name     = Wendelstein:StudyPlot_MST
latitude         = 47.703601
longitude        = 12.024408
altitude         = 1580.0
nodata           = -999
tz               = 1
slope_angle      = 0
slope_azi        = 0
ProfileDate      = 2022-12-27T17:48:00.380
HS_Last          = 0.093768
nSoilLayerData   = 0
nSnowLayerData   = 6
SoilAlbedo       = 0.09
BareSoil_z0      = 0.200
CanopyHeight     = 0.00
CanopyLeafAreaIndex = 0.000000
CanopyDirectThroughfall = 1.00
WindScalingFactor = 1.00
ErosionLevel     = 5
TimeCountDeltaHS = 0.000000
fields           = timestamp Layer_Thick  T  Vol_Frac_I  Vol_Frac_W  Vol_Frac_V  Vol_Frac_S Rho_S Conduc_S HeatCapac_S  rg  rb  dd  sp  mk mass_hoar ne CDot metamo
[DATA]
2022-11-18T13:00:00     0.015647   273.150000     0.434833     0.039275     0.525892     0.000000       0.0     0.000          0.0    0.481823   0.238984   0.000000   1.000000     12      0.000000    1     -732.074836        0.000000
2022-11-18T16:30:00     0.015279   273.150000     0.428706     0.039521     0.531773     0.000000       0.0     0.000          0.0    0.485220   0.239235   0.000000   1.000000     12      0.000000    1     -717.460418        0.000000
2022-11-18T21:15:00     0.026003   273.150000     0.434600     0.028411     0.536989     0.000000       0.0     0.000          0.0    0.484175   0.243057   0.000000   1.000000     22      0.000000    1     -699.445442        0.000000
2022-11-18T22:30:00     0.010050   271.903313     0.412449     0.000000     0.587551     0.000000       0.0     0.000          0.0    0.539487   0.299872   0.000000   0.943637     21      0.000000    1     -682.112056        0.000000
2022-11-20T01:00:00     0.009380   271.253654     0.395535     0.000000     0.604465     0.000000       0.0     0.000          0.0    0.534255   0.296023   0.000000   0.971828     22      0.000000    1     -673.865224        0.000000
2022-11-23T03:00:00     0.017409   269.139266     0.314302     0.000000     0.685698     0.000000       0.0     0.000          0.0    0.487298   0.283040   0.000000   0.883764     22      0.000000    1     -659.975436        0.000000
