SMET 1.1 ASCII
[HEADER]
station_id       = Z934
station_name     = Wendelstein:StudyPlot_MST
latitude         = 47.703601
longitude        = 12.024408
altitude         = 1580.0
nodata           = -999
tz               = 1
slope_angle      = 0
slope_azi        = 0
ProfileDate      = 2022-12-27T17:27:00.110
HS_Last          = 0.093444
nSoilLayerData   = 0
nSnowLayerData   = 6
SoilAlbedo       = 0.09
BareSoil_z0      = 0.200
CanopyHeight     = 0.00
CanopyLeafAreaIndex = 0.000000
CanopyDirectThroughfall = 1.00
WindScalingFactor = 1.00
ErosionLevel     = 5
TimeCountDeltaHS = 0.000000
fields           = timestamp Layer_Thick  T  Vol_Frac_I  Vol_Frac_W  Vol_Frac_V  Vol_Frac_S Rho_S Conduc_S HeatCapac_S  rg  rb  dd  sp  mk mass_hoar ne CDot metamo
[DATA]
2022-11-18T13:00:00     0.015647   273.150000     0.434758     0.039281     0.525960     0.000000       0.0     0.000          0.0    0.481822   0.238984   0.000000   1.000000     12      0.000000    1     -731.788772        0.000000
2022-11-18T16:30:00     0.015278   273.150000     0.428480     0.039574     0.531946     0.000000       0.0     0.000          0.0    0.485320   0.239303   0.000000   1.000000     12      0.000000    1     -717.127141        0.000000
2022-11-18T21:15:00     0.025995   273.150000     0.427481     0.034644     0.537875     0.000000       0.0     0.000          0.0    0.484344   0.243159   0.000000   1.000000     12      0.000000    1     -699.096513        0.000000
2022-11-18T22:30:00     0.010047   273.150000     0.401967     0.009851     0.588182     0.000000       0.0     0.000          0.0    0.539915   0.299618   0.000000   1.000000     21      0.000000    1     -681.762979        0.000000
2022-11-20T01:00:00     0.009372   271.399743     0.395432     0.000000     0.604568     0.000000       0.0     0.000          0.0    0.534478   0.297245   0.000000   0.921135     22      0.000000    1     -673.515623        0.000000
2022-11-21T08:45:00     0.017105   269.303175     0.316888     0.000000     0.683112     0.000000       0.0     0.000          0.0    0.481452   0.260169   0.000000   0.902518     22      0.000000    1     -660.752552        0.000000
