SMET 1.1 ASCII
[HEADER]
station_id       = Z934
station_name     = Wendelstein:StudyPlot_MST
latitude         = 47.703601
longitude        = 12.024408
altitude         = 1580.0
nodata           = -999
tz               = 1
slope_angle      = 0
slope_azi        = 0
ProfileDate      = 2022-12-27T17:04:00.120
HS_Last          = 0.092220
nSoilLayerData   = 0
nSnowLayerData   = 6
SoilAlbedo       = 0.09
BareSoil_z0      = 0.200
CanopyHeight     = 0.00
CanopyLeafAreaIndex = 0.000000
CanopyDirectThroughfall = 1.00
WindScalingFactor = 1.00
ErosionLevel     = 5
TimeCountDeltaHS = 0.000000
fields           = timestamp Layer_Thick  T  Vol_Frac_I  Vol_Frac_W  Vol_Frac_V  Vol_Frac_S Rho_S Conduc_S HeatCapac_S  rg  rb  dd  sp  mk mass_hoar ne CDot metamo
[DATA]
2022-11-18T13:00:00     0.015647   273.150000     0.434637     0.039288     0.526075     0.000000       0.0     0.000          0.0    0.481819   0.238981   0.000000   1.000000     12      0.000000    1     -731.977041        0.000000
2022-11-18T16:30:00     0.015279   273.150000     0.429122     0.039549     0.531329     0.000000       0.0     0.000          0.0    0.485267   0.239265   0.000000   1.000000     12      0.000000    1     -717.296420        0.000000
2022-11-18T21:15:00     0.025998   273.150000     0.424279     0.035805     0.539916     0.000000       0.0     0.000          0.0    0.484307   0.243156   0.000000   1.000000     22      0.000000    1     -699.200659        0.000000
2022-11-18T22:30:00     0.010046   273.150000     0.387223     0.018484     0.594293     0.000000       0.0     0.000          0.0    0.540196   0.299353   0.000000   1.000000     21      0.000000    1     -681.859500        0.000000
2022-11-20T01:00:00     0.009332   271.344784     0.395496     0.000000     0.604504     0.000000       0.0     0.000          0.0    0.535088   0.298558   0.000000   0.924586     22      0.000000    1     -673.604205        0.000000
2022-11-21T08:45:00     0.015919   269.316362     0.295883     0.000000     0.704117     0.000000       0.0     0.000          0.0    0.482565   0.268437   0.000000   0.927021     22      0.000000    1     -660.831093        0.000000
