SMET 1.1 ASCII
[HEADER]
station_id       = Z916
station_name     = Pürschling:StudyPlot_MST
latitude         = 47.595601
longitude        = 10.994218
altitude         = 1370.0
nodata           = -999
tz               = 1
slope_angle      = 0
slope_azi        = 0
ProfileDate      = 2022-12-22T16:00:00.480
HS_Last          = 0.090109
nSoilLayerData   = 0
nSnowLayerData   = 6
SoilAlbedo       = 0.09
BareSoil_z0      = 0.200
CanopyHeight     = 0.00
CanopyLeafAreaIndex = 0.000000
CanopyDirectThroughfall = 1.00
WindScalingFactor = 1.00
ErosionLevel     = 5
TimeCountDeltaHS = 0.000000
fields           = timestamp Layer_Thick  T  Vol_Frac_I  Vol_Frac_W  Vol_Frac_V  Vol_Frac_S Rho_S Conduc_S HeatCapac_S  rg  rb  dd  sp  mk mass_hoar ne CDot metamo
[DATA]
2022-11-18T18:30:00     0.007839   273.150000     0.318188     0.047785     0.634027     0.000000       0.0     0.000          0.0    0.636171   0.286152   0.000000   1.000000     12      0.000000    1     -317.678207        0.000000
2022-11-18T19:15:00     0.008525   273.150000     0.304224     0.049305     0.646471     0.000000       0.0     0.000          0.0    0.730112   0.357578   0.000000   1.000000     11      0.000000    1     -310.849816        0.000000
2022-11-22T05:45:00     0.024508   273.150000     0.350170     0.044734     0.605096     0.000000       0.0     0.000          0.0    0.588452   0.272813   0.000000   1.000000     12      0.000000    1     -295.077803        0.000000
2022-11-22T10:45:00     0.017317   273.150000     0.278093     0.052398     0.669509     0.000000       0.0     0.000          0.0    0.767931   0.369680   0.000000   1.000000     22      0.000000    1     -274.398139        0.000000
2022-11-22T14:00:00     0.013262   273.150000     0.308967     0.049095     0.641938     0.000000       0.0     0.000          0.0    0.889206   0.459020   0.000000   1.000000     22      0.000000    1     -260.059055        0.000000
2022-11-29T18:00:00     0.018659   273.150000     0.186525     0.055772     0.757703     0.000000       0.0     0.000          0.0    0.572142   0.285650   0.000000   1.000000     22      0.000000    1     -244.022865        0.000000
