SMET 1.1 ASCII
[HEADER]
station_id       = Z934
station_name     = Wendelstein:StudyPlot_MST
latitude         = 47.703601
longitude        = 12.024408
altitude         = 1580.0
nodata           = -999
tz               = 1
slope_angle      = 0
slope_azi        = 0
ProfileDate      = 2022-12-27T17:34:00.110
HS_Last          = 0.093742
nSoilLayerData   = 0
nSnowLayerData   = 6
SoilAlbedo       = 0.09
BareSoil_z0      = 0.200
CanopyHeight     = 0.00
CanopyLeafAreaIndex = 0.000000
CanopyDirectThroughfall = 1.00
WindScalingFactor = 1.00
ErosionLevel     = 5
TimeCountDeltaHS = 0.000000
fields           = timestamp Layer_Thick  T  Vol_Frac_I  Vol_Frac_W  Vol_Frac_V  Vol_Frac_S Rho_S Conduc_S HeatCapac_S  rg  rb  dd  sp  mk mass_hoar ne CDot metamo
[DATA]
2022-11-18T13:00:00     0.015647   273.150000     0.434815     0.039278     0.525907     0.000000       0.0     0.000          0.0    0.481821   0.238983   0.000000   1.000000     12      0.000000    1     -731.891905        0.000000
2022-11-18T16:30:00     0.015279   273.150000     0.428860     0.039548     0.531592     0.000000       0.0     0.000          0.0    0.485258   0.239261   0.000000   1.000000     12      0.000000    1     -717.236775        0.000000
2022-11-18T21:15:00     0.025996   273.150000     0.428947     0.033971     0.537081     0.000000       0.0     0.000          0.0    0.484207   0.243054   0.000000   1.000000     12      0.000000    1     -699.226199        0.000000
2022-11-18T22:30:00     0.010050   273.150000     0.408759     0.003661     0.587580     0.000000       0.0     0.000          0.0    0.539741   0.299507   0.000000   1.000000     21      0.000000    1     -681.892767        0.000000
2022-11-20T01:00:00     0.009376   271.423130     0.395527     0.000000     0.604473     0.000000       0.0     0.000          0.0    0.534247   0.297039   0.000000   0.920392     22      0.000000    1     -673.645777        0.000000
2022-11-21T08:45:00     0.017395   269.287830     0.312798     0.000000     0.687202     0.000000       0.0     0.000          0.0    0.479607   0.257192   0.000000   0.896256     22      0.000000    1     -660.885836        0.000000
