SMET 1.1 ASCII
[HEADER]
station_id       = Z934
station_name     = Wendelstein:StudyPlot_MST
latitude         = 47.703601
longitude        = 12.024408
altitude         = 1580.0
nodata           = -999
tz               = 1
slope_angle      = 0
slope_azi        = 0
ProfileDate      = 2022-12-27T17:50:00.350
HS_Last          = 0.093712
nSoilLayerData   = 0
nSnowLayerData   = 6
SoilAlbedo       = 0.09
BareSoil_z0      = 0.200
CanopyHeight     = 0.00
CanopyLeafAreaIndex = 0.000000
CanopyDirectThroughfall = 1.00
WindScalingFactor = 1.00
ErosionLevel     = 5
TimeCountDeltaHS = 0.000000
fields           = timestamp Layer_Thick  T  Vol_Frac_I  Vol_Frac_W  Vol_Frac_V  Vol_Frac_S Rho_S Conduc_S HeatCapac_S  rg  rb  dd  sp  mk mass_hoar ne CDot metamo
[DATA]
2022-11-18T13:00:00     0.015647   273.150000     0.434824     0.039275     0.525901     0.000000       0.0     0.000          0.0    0.481823   0.238985   0.000000   1.000000     12      0.000000    1     -732.101335        0.000000
2022-11-18T16:30:00     0.015279   273.150000     0.428602     0.039518     0.531880     0.000000       0.0     0.000          0.0    0.485223   0.239236   0.000000   1.000000     12      0.000000    1     -717.498980        0.000000
2022-11-18T21:15:00     0.026004   273.150000     0.435816     0.027176     0.537008     0.000000       0.0     0.000          0.0    0.484151   0.243041   0.000000   1.000000     22      0.000000    1     -699.475191        0.000000
2022-11-18T22:30:00     0.010055   271.880638     0.412065     0.000000     0.587935     0.000000       0.0     0.000          0.0    0.539466   0.299798   0.000000   0.942299     21      0.000000    1     -682.141814        0.000000
2022-11-20T01:00:00     0.009375   271.227853     0.395389     0.000000     0.604611     0.000000       0.0     0.000          0.0    0.534411   0.296203   0.000000   0.971545     22      0.000000    1     -673.895009        0.000000
2022-11-23T03:00:00     0.017353   269.131031     0.313455     0.000000     0.686545     0.000000       0.0     0.000          0.0    0.487131   0.284094   0.000000   0.881019     22      0.000000    1     -659.699526        0.000000
