SMET 1.1 ASCII
[HEADER]
station_id       = Z934
station_name     = Wendelstein:StudyPlot_MST
latitude         = 47.703601
longitude        = 12.024408
altitude         = 1580.0
nodata           = -999
tz               = 1
slope_angle      = 0
slope_azi        = 0
ProfileDate      = 2022-12-27T17:37:00.620
HS_Last          = 0.093800
nSoilLayerData   = 0
nSnowLayerData   = 6
SoilAlbedo       = 0.09
BareSoil_z0      = 0.200
CanopyHeight     = 0.00
CanopyLeafAreaIndex = 0.000000
CanopyDirectThroughfall = 1.00
WindScalingFactor = 1.00
ErosionLevel     = 5
TimeCountDeltaHS = 0.000000
fields           = timestamp Layer_Thick  T  Vol_Frac_I  Vol_Frac_W  Vol_Frac_V  Vol_Frac_S Rho_S Conduc_S HeatCapac_S  rg  rb  dd  sp  mk mass_hoar ne CDot metamo
[DATA]
2022-11-18T13:00:00     0.015647   273.150000     0.434829     0.039277     0.525894     0.000000       0.0     0.000          0.0    0.481821   0.238983   0.000000   1.000000     12      0.000000    1     -731.932864        0.000000
2022-11-18T16:30:00     0.015279   273.150000     0.428905     0.039543     0.531553     0.000000       0.0     0.000          0.0    0.485242   0.239251   0.000000   1.000000     12      0.000000    1     -717.276660        0.000000
2022-11-18T21:15:00     0.025997   273.150000     0.429662     0.033326     0.537012     0.000000       0.0     0.000          0.0    0.484140   0.243004   0.000000   1.000000     12      0.000000    1     -699.273334        0.000000
2022-11-18T22:30:00     0.010047   273.150000     0.412376     0.000489     0.587135     0.000000       0.0     0.000          0.0    0.539681   0.299521   0.000000   1.000000     21      0.000000    1     -681.939910        0.000000
2022-11-20T01:00:00     0.009378   271.477268     0.395691     0.000000     0.604309     0.000000       0.0     0.000          0.0    0.534191   0.296941   0.000000   0.922054     22      0.000000    1     -673.692945        0.000000
2022-11-21T08:45:00     0.017453   269.140065     0.310580     0.000000     0.689420     0.000000       0.0     0.000          0.0    0.479157   0.256812   0.000000   0.889267     22      0.000000    1     -660.934075        0.000000
