SMET 1.1 ASCII
[HEADER]
station_id       = Z934
station_name     = Wendelstein:StudyPlot_MST
latitude         = 47.703601
longitude        = 12.024408
altitude         = 1580.0
nodata           = -999
tz               = 1
slope_angle      = 0
slope_azi        = 0
ProfileDate      = 2022-12-27T17:16:00.850
HS_Last          = 0.092917
nSoilLayerData   = 0
nSnowLayerData   = 6
SoilAlbedo       = 0.09
BareSoil_z0      = 0.200
CanopyHeight     = 0.00
CanopyLeafAreaIndex = 0.000000
CanopyDirectThroughfall = 1.00
WindScalingFactor = 1.00
ErosionLevel     = 5
TimeCountDeltaHS = 0.000000
fields           = timestamp Layer_Thick  T  Vol_Frac_I  Vol_Frac_W  Vol_Frac_V  Vol_Frac_S Rho_S Conduc_S HeatCapac_S  rg  rb  dd  sp  mk mass_hoar ne CDot metamo
[DATA]
2022-11-18T13:00:00     0.015647   273.150000     0.434785     0.039280     0.525934     0.000000       0.0     0.000          0.0    0.481815   0.238978   0.000000   1.000000     12      0.000000    1     -731.115558        0.000000
2022-11-18T16:30:00     0.015280   273.150000     0.430230     0.039487     0.530283     0.000000       0.0     0.000          0.0    0.485098   0.239150   0.000000   1.000000     12      0.000000    1     -716.459033        0.000000
2022-11-18T21:15:00     0.025998   273.150000     0.425275     0.035523     0.539202     0.000000       0.0     0.000          0.0    0.484461   0.243237   0.000000   1.000000     22      0.000000    1     -698.395825        0.000000
2022-11-18T22:30:00     0.010021   273.150000     0.393295     0.016647     0.590058     0.000000       0.0     0.000          0.0    0.539980   0.300016   0.000000   1.000000     21      0.000000    1     -681.061539        0.000000
2022-11-20T01:00:00     0.009367   271.383602     0.395530     0.000000     0.604470     0.000000       0.0     0.000          0.0    0.534678   0.297435   0.000000   0.923274     22      0.000000    1     -672.811491        0.000000
2022-11-21T08:45:00     0.016604   269.302380     0.304054     0.000000     0.695946     0.000000       0.0     0.000          0.0    0.482121   0.263863   0.000000   0.915326     22      0.000000    1     -660.045476        0.000000
