SMET 1.1 ASCII
[HEADER]
station_id       = Z934
station_name     = Wendelstein:StudyPlot_MST
latitude         = 47.703601
longitude        = 12.024408
altitude         = 1580.0
nodata           = -999
tz               = 1
slope_angle      = 0
slope_azi        = 0
ProfileDate      = 2022-12-24T16:00:00.480
HS_Last          = 0.081433
nSoilLayerData   = 0
nSnowLayerData   = 6
SoilAlbedo       = 0.09
BareSoil_z0      = 0.200
CanopyHeight     = 0.00
CanopyLeafAreaIndex = 0.000000
CanopyDirectThroughfall = 1.00
WindScalingFactor = 1.00
ErosionLevel     = 5
TimeCountDeltaHS = 0.000000
fields           = timestamp Layer_Thick  T  Vol_Frac_I  Vol_Frac_W  Vol_Frac_V  Vol_Frac_S Rho_S Conduc_S HeatCapac_S  rg  rb  dd  sp  mk mass_hoar ne CDot metamo
[DATA]
2022-11-18T13:00:00     0.015893   273.150000     0.432359     0.039387     0.528253     0.000000       0.0     0.000          0.0    0.452522   0.219181   0.000000   1.000000     12      0.000000    1     -636.250764        0.000000
2022-11-18T16:30:00     0.015520   273.150000     0.432445     0.039388     0.528167     0.000000       0.0     0.000          0.0    0.456561   0.219774   0.000000   1.000000     12      0.000000    1     -619.729537        0.000000
2022-11-18T21:15:00     0.026753   273.150000     0.390863     0.041593     0.567544     0.000000       0.0     0.000          0.0    0.449677   0.218227   0.000000   1.000000     12      0.000000    1     -599.092143        0.000000
2022-11-18T22:30:00     0.010723   273.150000     0.341432     0.044618     0.613951     0.000000       0.0     0.000          0.0    0.504016   0.266782   0.000000   1.000000     11      0.000000    1     -579.574057        0.000000
2022-11-20T01:00:00     0.010045   273.150000     0.335517     0.043729     0.620754     0.000000       0.0     0.000          0.0    0.498408   0.262301   0.000000   1.000000     12      0.000000    1     -570.211287        0.000000
2022-11-21T08:45:00     0.002500   273.150000     0.531782     0.328929     0.139289     0.000000       0.0     0.000          0.0    0.488604   0.366453   0.000000   1.000000     12      0.000000    1     -555.830120        0.000000
