SMET 1.1 ASCII
[HEADER]
station_id       = Z946
station_name     = Kühroint:StudyPlot_MST
latitude         = 47.570500
longitude        = 12.959800
altitude         = 1420.0
nodata           = -999
tz               = 1
slope_angle      = 0
slope_azi        = 0
ProfileDate      = 2022-12-24T16:00:00.480
HS_Last          = 0.054972
nSoilLayerData   = 0
nSnowLayerData   = 5
SoilAlbedo       = 0.09
BareSoil_z0      = 0.200
CanopyHeight     = 0.00
CanopyLeafAreaIndex = 0.000000
CanopyDirectThroughfall = 1.00
WindScalingFactor = 1.00
ErosionLevel     = 4
TimeCountDeltaHS = 0.000000
fields           = timestamp Layer_Thick  T  Vol_Frac_I  Vol_Frac_W  Vol_Frac_V  Vol_Frac_S Rho_S Conduc_S HeatCapac_S  rg  rb  dd  sp  mk mass_hoar ne CDot metamo
[DATA]
2022-11-04T12:00:00     0.010106   273.150000     0.395203     0.041547     0.563250     0.000000       0.0     0.000          0.0    1.024679   0.530357   0.000000   1.000000     22      0.000000    1     -324.855913        0.000000
2022-11-04T14:00:00     0.008651   273.150000     0.338245     0.045828     0.615927     0.000000       0.0     0.000          0.0    1.288513   0.778799   0.000000   1.000000     22      0.000000    1     -313.255732        0.000000
2022-11-22T12:00:00     0.019968   273.150000     0.344691     0.044742     0.610567     0.000000       0.0     0.000          0.0    0.411092   0.170917   0.000000   1.000000     12      0.000000    1     -285.184298        0.000000
2022-11-22T14:00:00     0.010916   273.150000     0.285584     0.047783     0.666633     0.000000       0.0     0.000          0.0    0.426549   0.178182   0.000000   1.000000     12      0.000000    1     -269.117812        0.000000
2022-11-22T17:00:00     0.005331   273.150000     0.179396     0.055017     0.765588     0.000000       0.0     0.000          0.0    0.476777   0.317020   0.000000   1.000000     12      0.000000    1     -257.215116        0.000000
