SMET 1.1 ASCII
[HEADER]
station_id       = Z934
station_name     = Wendelstein:StudyPlot_MST
latitude         = 47.703601
longitude        = 12.024408
altitude         = 1580.0
nodata           = -999
tz               = 1
slope_angle      = 0
slope_azi        = 0
ProfileDate      = 2022-12-27T17:09:00.600
HS_Last          = 0.092797
nSoilLayerData   = 0
nSnowLayerData   = 6
SoilAlbedo       = 0.09
BareSoil_z0      = 0.200
CanopyHeight     = 0.00
CanopyLeafAreaIndex = 0.000000
CanopyDirectThroughfall = 1.00
WindScalingFactor = 1.00
ErosionLevel     = 5
TimeCountDeltaHS = 0.000000
fields           = timestamp Layer_Thick  T  Vol_Frac_I  Vol_Frac_W  Vol_Frac_V  Vol_Frac_S Rho_S Conduc_S HeatCapac_S  rg  rb  dd  sp  mk mass_hoar ne CDot metamo
[DATA]
2022-11-18T13:00:00     0.015647   273.150000     0.434669     0.039286     0.526044     0.000000       0.0     0.000          0.0    0.481821   0.238983   0.000000   1.000000     12      0.000000    1     -731.885320        0.000000
2022-11-18T16:30:00     0.015278   273.150000     0.428502     0.039584     0.531914     0.000000       0.0     0.000          0.0    0.485337   0.239314   0.000000   1.000000     12      0.000000    1     -717.204568        0.000000
2022-11-18T21:15:00     0.025998   273.150000     0.424951     0.035894     0.539155     0.000000       0.0     0.000          0.0    0.484290   0.243133   0.000000   1.000000     22      0.000000    1     -699.124320        0.000000
2022-11-18T22:30:00     0.010049   273.150000     0.389062     0.018952     0.591986     0.000000       0.0     0.000          0.0    0.540151   0.299276   0.000000   1.000000     21      0.000000    1     -681.791207        0.000000
2022-11-20T01:00:00     0.009361   271.384733     0.398093     0.000000     0.601907     0.000000       0.0     0.000          0.0    0.535010   0.298123   0.000000   0.925105     22      0.000000    1     -673.545664        0.000000
2022-11-21T08:45:00     0.016465   269.297471     0.298452     0.000000     0.701548     0.000000       0.0     0.000          0.0    0.481865   0.264397   0.000000   0.921238     22      0.000000    1     -660.791852        0.000000
