SMET 1.1 ASCII
[HEADER]
station_id       = Z934
station_name     = Wendelstein:StudyPlot_MST
latitude         = 47.703601
longitude        = 12.024408
altitude         = 1580.0
nodata           = -999
tz               = 1
slope_angle      = 0
slope_azi        = 0
ProfileDate      = 2022-12-27T17:39:00.110
HS_Last          = 0.093798
nSoilLayerData   = 0
nSnowLayerData   = 6
SoilAlbedo       = 0.09
BareSoil_z0      = 0.200
CanopyHeight     = 0.00
CanopyLeafAreaIndex = 0.000000
CanopyDirectThroughfall = 1.00
WindScalingFactor = 1.00
ErosionLevel     = 5
TimeCountDeltaHS = 0.000000
fields           = timestamp Layer_Thick  T  Vol_Frac_I  Vol_Frac_W  Vol_Frac_V  Vol_Frac_S Rho_S Conduc_S HeatCapac_S  rg  rb  dd  sp  mk mass_hoar ne CDot metamo
[DATA]
2022-11-18T13:00:00     0.015647   273.150000     0.434882     0.039274     0.525844     0.000000       0.0     0.000          0.0    0.481819   0.238982   0.000000   1.000000     12      0.000000    1     -731.954839        0.000000
2022-11-18T16:30:00     0.015280   273.150000     0.429696     0.039498     0.530806     0.000000       0.0     0.000          0.0    0.485163   0.239195   0.000000   1.000000     12      0.000000    1     -717.299201        0.000000
2022-11-18T21:15:00     0.025998   273.150000     0.430142     0.032838     0.537020     0.000000       0.0     0.000          0.0    0.484231   0.243113   0.000000   1.000000     12      0.000000    1     -699.302758        0.000000
2022-11-18T22:30:00     0.010049   272.388491     0.412787     0.000000     0.587213     0.000000       0.0     0.000          0.0    0.539614   0.299731   0.000000   0.966775     21      0.000000    1     -681.969341        0.000000
2022-11-20T01:00:00     0.009380   271.665448     0.395742     0.000000     0.604258     0.000000       0.0     0.000          0.0    0.534117   0.296131   0.000000   0.968133     22      0.000000    1     -673.722400        0.000000
2022-11-21T08:45:00     0.017444   269.188846     0.309344     0.000000     0.690656     0.000000       0.0     0.000          0.0    0.479034   0.256954   0.000000   0.883606     22      0.000000    1     -660.952932        0.000000
