SMET 1.1 ASCII
[HEADER]
station_id       = Z934
station_name     = Wendelstein:StudyPlot_MST
latitude         = 47.703601
longitude        = 12.024408
altitude         = 1580.0
nodata           = -999
tz               = 1
slope_angle      = 0
slope_azi        = 0
ProfileDate      = 2022-12-27T17:23:00.350
HS_Last          = 0.093363
nSoilLayerData   = 0
nSnowLayerData   = 6
SoilAlbedo       = 0.09
BareSoil_z0      = 0.200
CanopyHeight     = 0.00
CanopyLeafAreaIndex = 0.000000
CanopyDirectThroughfall = 1.00
WindScalingFactor = 1.00
ErosionLevel     = 5
TimeCountDeltaHS = 0.000000
fields           = timestamp Layer_Thick  T  Vol_Frac_I  Vol_Frac_W  Vol_Frac_V  Vol_Frac_S Rho_S Conduc_S HeatCapac_S  rg  rb  dd  sp  mk mass_hoar ne CDot metamo
[DATA]
2022-11-18T13:00:00     0.015647   273.150000     0.434814     0.039278     0.525908     0.000000       0.0     0.000          0.0    0.481818   0.238981   0.000000   1.000000     12      0.000000    1     -731.579844        0.000000
2022-11-18T16:30:00     0.015279   273.150000     0.429554     0.039519     0.530927     0.000000       0.0     0.000          0.0    0.485230   0.239239   0.000000   1.000000     12      0.000000    1     -716.929441        0.000000
2022-11-18T21:15:00     0.025995   273.150000     0.426880     0.034921     0.538199     0.000000       0.0     0.000          0.0    0.484358   0.243174   0.000000   1.000000     12      0.000000    1     -698.899536        0.000000
2022-11-18T22:30:00     0.010048   273.150000     0.399258     0.012372     0.588370     0.000000       0.0     0.000          0.0    0.539911   0.299620   0.000000   1.000000     21      0.000000    1     -681.565317        0.000000
2022-11-20T01:00:00     0.009372   271.401205     0.395446     0.000000     0.604554     0.000000       0.0     0.000          0.0    0.534408   0.297196   0.000000   0.922236     22      0.000000    1     -673.315499        0.000000
2022-11-21T08:45:00     0.017021   269.297341     0.311925     0.000000     0.688075     0.000000       0.0     0.000          0.0    0.481377   0.260620   0.000000   0.905687     22      0.000000    1     -660.550504        0.000000
