SMET 1.1 ASCII
[HEADER]
station_id       = Z934
station_name     = Wendelstein:StudyPlot_MST
latitude         = 47.703601
longitude        = 12.024408
altitude         = 1580.0
nodata           = -999
tz               = 1
slope_angle      = 0
slope_azi        = 0
ProfileDate      = 2022-12-27T17:30:00.610
HS_Last          = 0.093588
nSoilLayerData   = 0
nSnowLayerData   = 6
SoilAlbedo       = 0.09
BareSoil_z0      = 0.200
CanopyHeight     = 0.00
CanopyLeafAreaIndex = 0.000000
CanopyDirectThroughfall = 1.00
WindScalingFactor = 1.00
ErosionLevel     = 5
TimeCountDeltaHS = 0.000000
fields           = timestamp Layer_Thick  T  Vol_Frac_I  Vol_Frac_W  Vol_Frac_V  Vol_Frac_S Rho_S Conduc_S HeatCapac_S  rg  rb  dd  sp  mk mass_hoar ne CDot metamo
[DATA]
2022-11-18T13:00:00     0.015647   273.150000     0.434796     0.039279     0.525925     0.000000       0.0     0.000          0.0    0.481821   0.238983   0.000000   1.000000     12      0.000000    1     -731.836042        0.000000
2022-11-18T16:30:00     0.015278   273.150000     0.428822     0.039554     0.531624     0.000000       0.0     0.000          0.0    0.485277   0.239274   0.000000   1.000000     12      0.000000    1     -717.181143        0.000000
2022-11-18T21:15:00     0.025995   273.150000     0.428011     0.034426     0.537563     0.000000       0.0     0.000          0.0    0.484283   0.243112   0.000000   1.000000     12      0.000000    1     -699.160405        0.000000
2022-11-18T22:30:00     0.010048   273.150000     0.404282     0.007746     0.587973     0.000000       0.0     0.000          0.0    0.539836   0.299576   0.000000   1.000000     21      0.000000    1     -681.826916        0.000000
2022-11-20T01:00:00     0.009374   271.408993     0.395425     0.000000     0.604575     0.000000       0.0     0.000          0.0    0.534366   0.297151   0.000000   0.920775     22      0.000000    1     -673.579723        0.000000
2022-11-21T08:45:00     0.017245   269.298107     0.316766     0.000000     0.683234     0.000000       0.0     0.000          0.0    0.480716   0.258789   0.000000   0.900005     22      0.000000    1     -660.818056        0.000000
