SMET 1.1 ASCII
[HEADER]
station_id       = Z934
station_name     = Wendelstein:StudyPlot_MST
latitude         = 47.703601
longitude        = 12.024408
altitude         = 1580.0
nodata           = -999
tz               = 1
slope_angle      = 0
slope_azi        = 0
ProfileDate      = 2022-12-27T17:41:00.870
HS_Last          = 0.094245
nSoilLayerData   = 0
nSnowLayerData   = 6
SoilAlbedo       = 0.09
BareSoil_z0      = 0.200
CanopyHeight     = 0.00
CanopyLeafAreaIndex = 0.000000
CanopyDirectThroughfall = 1.00
WindScalingFactor = 1.00
ErosionLevel     = 5
TimeCountDeltaHS = 0.000000
fields           = timestamp Layer_Thick  T  Vol_Frac_I  Vol_Frac_W  Vol_Frac_V  Vol_Frac_S Rho_S Conduc_S HeatCapac_S  rg  rb  dd  sp  mk mass_hoar ne CDot metamo
[DATA]
2022-11-18T13:00:00     0.015647   273.150000     0.434915     0.039272     0.525813     0.000000       0.0     0.000          0.0    0.481819   0.238982   0.000000   1.000000     12      0.000000    1     -731.981327        0.000000
2022-11-18T16:30:00     0.015280   273.150000     0.429908     0.039488     0.530604     0.000000       0.0     0.000          0.0    0.485155   0.239189   0.000000   1.000000     12      0.000000    1     -717.334691        0.000000
2022-11-18T21:15:00     0.025999   273.150000     0.430048     0.033026     0.536926     0.000000       0.0     0.000          0.0    0.484300   0.243170   0.000000   1.000000     12      0.000000    1     -699.333394        0.000000
2022-11-18T22:30:00     0.010049   272.734567     0.413116     0.000000     0.586884     0.000000       0.0     0.000          0.0    0.539615   0.299381   0.000000   0.982592     21      0.000000    1     -681.999983        0.000000
2022-11-20T01:00:00     0.009380   271.659319     0.396261     0.000000     0.603739     0.000000       0.0     0.000          0.0    0.534116   0.296389   0.000000   0.950549     22      0.000000    1     -673.753064        0.000000
2022-11-23T03:00:00     0.017892   269.154150     0.313173     0.000000     0.686827     0.000000       0.0     0.000          0.0    0.485408   0.275565   0.000000   0.884286     22      0.000000    1     -660.482688        0.000000
