SMET 1.1 ASCII
[HEADER]
station_id       = Z916
station_name     = Pürschling:StudyPlot_MST
latitude         = 47.595601
longitude        = 10.994218
altitude         = 1370.0
nodata           = -999
tz               = 1
slope_angle      = 0
slope_azi        = 0
ProfileDate      = 2022-12-26T16:00:00.110
HS_Last          = 0.073880
nSoilLayerData   = 0
nSnowLayerData   = 6
SoilAlbedo       = 0.09
BareSoil_z0      = 0.200
CanopyHeight     = 0.00
CanopyLeafAreaIndex = 0.000000
CanopyDirectThroughfall = 1.00
WindScalingFactor = 1.00
ErosionLevel     = 5
TimeCountDeltaHS = 0.000000
fields           = timestamp Layer_Thick  T  Vol_Frac_I  Vol_Frac_W  Vol_Frac_V  Vol_Frac_S Rho_S Conduc_S HeatCapac_S  rg  rb  dd  sp  mk mass_hoar ne CDot metamo
[DATA]
2022-11-18T18:30:00     0.006916   273.150000     0.343870     0.045354     0.610776     0.000000       0.0     0.000          0.0    0.676858   0.335962   0.000000   1.000000     12      0.000000    1     -398.430734        0.000000
2022-11-18T19:15:00     0.007208   273.150000     0.316831     0.047903     0.635266     0.000000       0.0     0.000          0.0    0.766897   0.415402   0.000000   1.000000     11      0.000000    1     -390.619958        0.000000
2022-11-22T05:45:00     0.022743   273.150000     0.305932     0.049035     0.645033     0.000000       0.0     0.000          0.0    0.625331   0.308477   0.000000   1.000000     12      0.000000    1     -372.836840        0.000000
2022-11-22T14:00:00     0.023643   273.150000     0.236745     0.060155     0.703100     0.000000       0.0     0.000          0.0    0.857242   0.490300   0.000000   1.000000     22      0.000000    1     -343.225847        0.000000
2022-11-29T18:00:00     0.010869   273.150000     0.202821     0.074235     0.722945     0.000000       0.0     0.000          0.0    0.639434   0.410926   0.000000   1.000000     22      0.000000    1     -320.574981        0.000000
2022-11-29T21:00:00     0.002500   273.150000     0.254881     0.154652     0.590468     0.000000       0.0     0.000          0.0    0.766184   0.574638   0.000000   1.000000     22      0.000000    1     -295.901568        0.000000
