SMET 1.1 ASCII
[HEADER]
station_id       = Z934
station_name     = Wendelstein:StudyPlot_MST
latitude         = 47.703601
longitude        = 12.024408
altitude         = 1580.0
nodata           = -999
tz               = 1
slope_angle      = 0
slope_azi        = 0
ProfileDate      = 2022-12-27T17:00:00.350
HS_Last          = 0.091818
nSoilLayerData   = 0
nSnowLayerData   = 6
SoilAlbedo       = 0.09
BareSoil_z0      = 0.200
CanopyHeight     = 0.00
CanopyLeafAreaIndex = 0.000000
CanopyDirectThroughfall = 1.00
WindScalingFactor = 1.00
ErosionLevel     = 5
TimeCountDeltaHS = 0.000000
fields           = timestamp Layer_Thick  T  Vol_Frac_I  Vol_Frac_W  Vol_Frac_V  Vol_Frac_S Rho_S Conduc_S HeatCapac_S  rg  rb  dd  sp  mk mass_hoar ne CDot metamo
[DATA]
2022-11-18T13:00:00     0.015647   273.150000     0.434935     0.039272     0.525793     0.000000       0.0     0.000          0.0    0.481799   0.238966   0.000000   1.000000     12      0.000000    1     -732.334776        0.000000
2022-11-18T16:30:00     0.015283   273.150000     0.434161     0.039279     0.526560     0.000000       0.0     0.000          0.0    0.484813   0.238948   0.000000   1.000000     12      0.000000    1     -717.657168        0.000000
2022-11-18T21:15:00     0.025998   273.150000     0.424414     0.035675     0.539911     0.000000       0.0     0.000          0.0    0.484550   0.243358   0.000000   1.000000     22      0.000000    1     -699.552930        0.000000
2022-11-18T22:30:00     0.010047   273.150000     0.387491     0.017841     0.594668     0.000000       0.0     0.000          0.0    0.540195   0.299416   0.000000   1.000000     21      0.000000    1     -682.211769        0.000000
2022-11-20T01:00:00     0.009323   271.318077     0.394757     0.000000     0.605243     0.000000       0.0     0.000          0.0    0.535077   0.298423   0.000000   0.924539     22      0.000000    1     -673.960248        0.000000
2022-11-21T08:45:00     0.015519   269.327652     0.293380     0.000000     0.706620     0.000000       0.0     0.000          0.0    0.482760   0.270164   0.000000   0.958502     22      0.000000    1     -661.210892        0.000000
