SMET 1.1 ASCII
[HEADER]
station_id       = Z934
station_name     = Wendelstein:StudyPlot_MST
latitude         = 47.703601
longitude        = 12.024408
altitude         = 1580.0
nodata           = -999
tz               = 1
slope_angle      = 0
slope_azi        = 0
ProfileDate      = 2022-12-27T17:07:00.350
HS_Last          = 0.092555
nSoilLayerData   = 0
nSnowLayerData   = 6
SoilAlbedo       = 0.09
BareSoil_z0      = 0.200
CanopyHeight     = 0.00
CanopyLeafAreaIndex = 0.000000
CanopyDirectThroughfall = 1.00
WindScalingFactor = 1.00
ErosionLevel     = 5
TimeCountDeltaHS = 0.000000
fields           = timestamp Layer_Thick  T  Vol_Frac_I  Vol_Frac_W  Vol_Frac_V  Vol_Frac_S Rho_S Conduc_S HeatCapac_S  rg  rb  dd  sp  mk mass_hoar ne CDot metamo
[DATA]
2022-11-18T13:00:00     0.015647   273.150000     0.434641     0.039288     0.526071     0.000000       0.0     0.000          0.0    0.481821   0.238982   0.000000   1.000000     12      0.000000    1     -731.895133        0.000000
2022-11-18T16:30:00     0.015278   273.150000     0.428538     0.039582     0.531881     0.000000       0.0     0.000          0.0    0.485330   0.239309   0.000000   1.000000     12      0.000000    1     -717.215405        0.000000
2022-11-18T21:15:00     0.025998   273.150000     0.424541     0.035888     0.539571     0.000000       0.0     0.000          0.0    0.484292   0.243139   0.000000   1.000000     22      0.000000    1     -699.131055        0.000000
2022-11-18T22:30:00     0.010047   273.150000     0.387891     0.018927     0.593181     0.000000       0.0     0.000          0.0    0.540178   0.299318   0.000000   1.000000     21      0.000000    1     -681.797919        0.000000
2022-11-20T01:00:00     0.009335   271.371879     0.397810     0.000000     0.602190     0.000000       0.0     0.000          0.0    0.535060   0.298539   0.000000   0.924894     22      0.000000    1     -673.552298        0.000000
2022-11-21T08:45:00     0.016251   269.305739     0.297232     0.000000     0.702768     0.000000       0.0     0.000          0.0    0.482240   0.266071   0.000000   0.922731     22      0.000000    1     -660.786173        0.000000
