SMET 1.1 ASCII
[HEADER]
station_id       = Z934
station_name     = Wendelstein:StudyPlot_MST
latitude         = 47.703601
longitude        = 12.024408
altitude         = 1580.0
nodata           = -999
tz               = 1
slope_angle      = 0
slope_azi        = 0
ProfileDate      = 2022-12-27T17:11:00.850
HS_Last          = 0.092912
nSoilLayerData   = 0
nSnowLayerData   = 6
SoilAlbedo       = 0.09
BareSoil_z0      = 0.200
CanopyHeight     = 0.00
CanopyLeafAreaIndex = 0.000000
CanopyDirectThroughfall = 1.00
WindScalingFactor = 1.00
ErosionLevel     = 5
TimeCountDeltaHS = 0.000000
fields           = timestamp Layer_Thick  T  Vol_Frac_I  Vol_Frac_W  Vol_Frac_V  Vol_Frac_S Rho_S Conduc_S HeatCapac_S  rg  rb  dd  sp  mk mass_hoar ne CDot metamo
[DATA]
2022-11-18T13:00:00     0.015647   273.150000     0.434682     0.039286     0.526032     0.000000       0.0     0.000          0.0    0.481822   0.238983   0.000000   1.000000     12      0.000000    1     -731.921675        0.000000
2022-11-18T16:30:00     0.015278   273.150000     0.428403     0.039588     0.532008     0.000000       0.0     0.000          0.0    0.485341   0.239317   0.000000   1.000000     12      0.000000    1     -717.244169        0.000000
2022-11-18T21:15:00     0.025997   273.150000     0.425130     0.035808     0.539062     0.000000       0.0     0.000          0.0    0.484317   0.243148   0.000000   1.000000     22      0.000000    1     -699.174536        0.000000
2022-11-18T22:30:00     0.010006   273.150000     0.391567     0.018421     0.590012     0.000000       0.0     0.000          0.0    0.540082   0.299853   0.000000   1.000000     21      0.000000    1     -681.849938        0.000000
2022-11-20T01:00:00     0.009363   271.395769     0.397884     0.000000     0.602116     0.000000       0.0     0.000          0.0    0.534940   0.298082   0.000000   0.925042     22      0.000000    1     -673.612434        0.000000
2022-11-21T08:45:00     0.016622   269.293673     0.299987     0.000000     0.700013     0.000000       0.0     0.000          0.0    0.481623   0.263145   0.000000   0.919739     22      0.000000    1     -660.851244        0.000000
