SMET 1.1 ASCII
[HEADER]
station_id       = Z934
station_name     = Wendelstein:StudyPlot_MST
latitude         = 47.703601
longitude        = 12.024408
altitude         = 1580.0
nodata           = -999
tz               = 1
slope_angle      = 0
slope_azi        = 0
ProfileDate      = 2022-12-27T17:25:00.610
HS_Last          = 0.093439
nSoilLayerData   = 0
nSnowLayerData   = 6
SoilAlbedo       = 0.09
BareSoil_z0      = 0.200
CanopyHeight     = 0.00
CanopyLeafAreaIndex = 0.000000
CanopyDirectThroughfall = 1.00
WindScalingFactor = 1.00
ErosionLevel     = 5
TimeCountDeltaHS = 0.000000
fields           = timestamp Layer_Thick  T  Vol_Frac_I  Vol_Frac_W  Vol_Frac_V  Vol_Frac_S Rho_S Conduc_S HeatCapac_S  rg  rb  dd  sp  mk mass_hoar ne CDot metamo
[DATA]
2022-11-18T13:00:00     0.015647   273.150000     0.434763     0.039281     0.525956     0.000000       0.0     0.000          0.0    0.481822   0.238983   0.000000   1.000000     12      0.000000    1     -731.608609        0.000000
2022-11-18T16:30:00     0.015278   273.150000     0.428577     0.039570     0.531852     0.000000       0.0     0.000          0.0    0.485317   0.239300   0.000000   1.000000     12      0.000000    1     -716.945645        0.000000
2022-11-18T21:15:00     0.025995   273.150000     0.427173     0.034810     0.538017     0.000000       0.0     0.000          0.0    0.484332   0.243151   0.000000   1.000000     12      0.000000    1     -698.905414        0.000000
2022-11-18T22:30:00     0.010048   273.150000     0.400475     0.011276     0.588249     0.000000       0.0     0.000          0.0    0.539893   0.299606   0.000000   1.000000     21      0.000000    1     -681.571218        0.000000
2022-11-20T01:00:00     0.009373   271.403010     0.395491     0.000000     0.604509     0.000000       0.0     0.000          0.0    0.534382   0.297137   0.000000   0.921798     22      0.000000    1     -673.321481        0.000000
2022-11-21T08:45:00     0.017098   269.298496     0.314472     0.000000     0.685528     0.000000       0.0     0.000          0.0    0.481229   0.259973   0.000000   0.904193     22      0.000000    1     -660.559316        0.000000
