SMET 1.1 ASCII
[HEADER]
station_id       = Z934
station_name     = Wendelstein:StudyPlot_MST
latitude         = 47.703601
longitude        = 12.024408
altitude         = 1580.0
nodata           = -999
tz               = 1
slope_angle      = 0
slope_azi        = 0
ProfileDate      = 2022-12-27T17:43:00.610
HS_Last          = 0.094226
nSoilLayerData   = 0
nSnowLayerData   = 6
SoilAlbedo       = 0.09
BareSoil_z0      = 0.200
CanopyHeight     = 0.00
CanopyLeafAreaIndex = 0.000000
CanopyDirectThroughfall = 1.00
WindScalingFactor = 1.00
ErosionLevel     = 5
TimeCountDeltaHS = 0.000000
fields           = timestamp Layer_Thick  T  Vol_Frac_I  Vol_Frac_W  Vol_Frac_V  Vol_Frac_S Rho_S Conduc_S HeatCapac_S  rg  rb  dd  sp  mk mass_hoar ne CDot metamo
[DATA]
2022-11-18T13:00:00     0.015647   273.150000     0.434917     0.039272     0.525811     0.000000       0.0     0.000          0.0    0.481819   0.238982   0.000000   1.000000     12      0.000000    1     -732.007888        0.000000
2022-11-18T16:30:00     0.015280   273.150000     0.429864     0.039485     0.530651     0.000000       0.0     0.000          0.0    0.485155   0.239189   0.000000   1.000000     12      0.000000    1     -717.369883        0.000000
2022-11-18T21:15:00     0.025999   273.150000     0.430964     0.032152     0.536884     0.000000       0.0     0.000          0.0    0.484305   0.243180   0.000000   1.000000     12      0.000000    1     -699.363263        0.000000
2022-11-18T22:30:00     0.010050   272.178367     0.413070     0.000000     0.586930     0.000000       0.0     0.000          0.0    0.539579   0.299769   0.000000   0.956784     21      0.000000    1     -682.029863        0.000000
2022-11-20T01:00:00     0.009381   271.552663     0.396117     0.000000     0.603883     0.000000       0.0     0.000          0.0    0.534133   0.295973   0.000000   0.972738     22      0.000000    1     -673.782980        0.000000
2022-11-23T03:00:00     0.017870   269.228859     0.312486     0.000000     0.687514     0.000000       0.0     0.000          0.0    0.485695   0.276473   0.000000   0.886178     22      0.000000    1     -660.376946        0.000000
